0.643788760062307
0.894152567721903
0.70448846090585
0.941508702002466
0.970233642146923
0.522778249694966
0.764052744023502
0.946209522197023
0.775717507232912
0.728307367651723
0.978416672674939
0.726667078095488
0.838785317726433
0.786316700978205
0.551462341332808
0.949912485200912
0.62304386717733
0.521029766765423
0.663960359641351
0.977251824573614
0.944769658031873
0.8464017030783
0.820253406884149
0.997134888311848
0.827852899557911
0.854265234083869
0.772033012355678
0.79707101022359
0.64457986864727
0.573556823655963
0.981512116268277
0.951149522559717
0.845352639211342
0.897733708843589
0.512306842254475
0.738897985545918
0.879229768761434
0.608203967916779
0.659090503817424
0.615812892676331
0.571400011191145
0.70727316790726
0.706862163147889
0.684422725462355
0.576222373871133
0.569403031724505
0.616517049726099
0.732981225126423
0.632986320182681
0.928913857671432
0.522915583336726
0.721100037102588
0.899462422821671
0.56094962998759
0.780473991879262
0.603265694808215
0.563765825121664
0.876653932151385
0.94752267957665
0.687231387943029
0.832557597314008
0.547420330462046
0.691984818899073
0.637191822286695
0.907320019439794
0.724258170695975
0.905032176524401
0.906194754759781
0.897171160555445
0.719915843801573
0.877237579319626
0.814610565779731
0.855091200675815
0.500312386662699
0.737658287049271
0.610059442580678
0.689908268861473
0.806385501637124
0.675898954621516
0.555567712173797
0.621809736359864
0.83402779372409
0.708823389839381
0.894097917014733
0.551432322128676
0.717446370748803
0.992478489992209
0.946525557199493
0.943234530393966
0.587526325136423
0.565347845782526
0.826550962519832
0.6717582361307
0.828379063983448
0.660186621244065
0.593845559633337
0.891147150658071
0.54679749335628
0.73338952078484
0.755752729950473
0.799994479632005
0.666411770158447
0.744306516833603
0.977236913749948
0.7414511985844
0.945175111060962
0.957219093455933
0.804367491160519
0.705344888265245
0.573547345469706
0.967649901635014
0.650614449987188
0.530360285774805
0.973863470018841
0.860298136714846
0.571147147798911
0.774642328033224
0.977045619278215
0.792741676559672
0.702255140873604
0.82394673966337
0.659910308546387
0.653860005433671
0.609883815632202
0.684744432917796
0.992109601735137
0.577101150411181
0.545521999942139
0.570953453890979
0.845003550755791
0.809628241695464
0.945697058574297
0.836499546305276
0.868538868962787
0.760567862889729
0.829919224837795
0.910902730072848
0.893140775850043
0.98991095868405
0.719715768122114
0.655851101037115
0.704737476306036
0.505233555915765
0.591924762004055
0.921364659443498
0.615580891026184
0.619549977825955
0.538345582666807
0.622861839015968
0.866067602764815
0.923726582550444
0.748763633542694
0.693954514921643
0.623224497074261
0.555548230651766
0.694997217622586
0.785967656993307
0.608446381404065
0.72238400101196
0.60899533436168
0.751149781630374
0.676952285924926
0.82499257940799
0.687356978305615
0.677722690394148
0.766843972727656
0.870167180197313
0.610551468911581
0.706373059307225
0.632843343424611
0.814986526733264
0.591914245393127
0.93182205571793
0.873284002067521
0.834142324863933
0.809008936630562
0.686119030113332
0.764917842927389
0.937341171433218
0.790875049890019
0.91988388239406
0.656224082456902
0.854145161109045
0.632508903043345
0.797171597019769
0.740644900244661
0.632516365731135
0.78229521738831
0.956594111514278
0.950937194749713
0.637083310750313
0.660741378203966
0.992820442188531
0.809996655094437
0.968657044577412
0.733266351162456
0.703416296630166
0.829615162103437
0.576173308421858
0.786433529108763
0.619363013422117
0.981179468217306
0.800682862987742
0.757514863624237
0.701286671101116
0.940123270615004
0.682045932393521
0.644119640346617
0.585322617553174
0.586085873190314
0.74102130276151
0.626482464256696
0.608127394807525
0.837188194040209
0.523831813712604
0.85042654373683
0.67594431922771
0.704471998964436
0.910475661978126
0.959428674075752
0.641264165053144
0.980552396853454
0.864197214134037
0.843187541002408
0.526421971386299
0.697610067320056
0.738922689924948
0.780126631841995
0.849130797432736
0.957841769210063
0.809175613685511
0.714210754376836
0.77104018360842
0.529239244293422
0.63042842852883
0.698575976653956
0.59887236834038
0.915963781415485
0.576443611411378
0.901709271012805
0.773413078277372
0.831158821005374
0.585849246941507
0.816527679911815
0.655934873386286
0.862277173204347
0.699469912331551
0.984678205568343
0.983699185308069
0.863351269508712
0.628608373226598
0.610893967328593
0.796522825839929
0.633760716067627
0.765535199432634
0.892645835643634
0.584030405269004
0.702199590508826
0.735788138816133
0.934053403441794
0.96285397792235
0.94098877965007
0.837093421258032
0.975083489669487
0.758222447126172
0.788259510649368
0.668165602954105
0.67366231570486
0.510012150276452
0.751406522816978
0.935521706822328
0.503150391974486
0.536028561997227
0.582105612498708
0.885167037136853
0.867592152906582
0.985937817837112
0.733236188418232
0.537192256655544
0.824409062159248
0.87929658475332
0.568553040502593
0.698292297311127
0.612492664600722
0.528979280265048
0.697946344153024
0.532464149990119
0.612943216459826
0.527314554550685
0.835141019779257
0.648870891309343
0.550360791152343
0.535952048609033
0.940220284392126
0.877123701036908
0.908302943804301
0.991070186835714
0.55179982248228
0.549520914675668
0.899415805586614
0.892287633265369
0.504714952548966
0.889532941393554
0.864695325959474
0.815065926406533
0.740455414983444
0.57831842568703
0.504107759916224
0.726229197112843
0.746146664372645
0.694793555769138
0.732332970947027
0.856639500358142
0.527650963165797
0.677391548757441
0.901406136457808
0.917854418512434
0.61887470248621
0.676993051311001
0.928442710079253
0.926881686900742
0.647947727702558
0.573524162289687
0.851996030658484
0.551903344108723
0.516863886499777
0.999702263972722
0.51743740204256
0.669195641879924
0.95753188082017
0.808617634815164
0.643142674351111
0.868898701504804
0.917027154588141
0.657135390210897
0.746283273911104
0.848686883109622
0.820731176994741
0.821961457491852
0.988926702411845
0.707367667229846
0.55970238998998
0.763014830066822
0.612536675413139
0.743205882026814
0.685107399243861
0.991675090393983
0.694159557577223
0.614622420165688
0.811648773145862
0.568270098534413
0.983734747162089
0.757535903947428
0.581535164616071
0.810951147577725
0.992977082612924
0.834385758731514
0.709457948454656
0.661672496586107
0.917627659975551
0.571908521815203
0.596407973440364
0.948369341320358
0.654059777152725
0.681650271755643
0.89197323936969
0.596689339959994
0.508882905938663
0.703303933143616
0.741583834635094
0.710922475089319
0.671404400840402
0.933241657330655
0.72755402547773
0.766882436815649
0.981921665952541
0.887295771040954
0.604438174283132
0.654393416363746
0.985671225120313
0.792450046748854
0.880411812686361
0.686354697216302
0.884596955613233
0.7688385915244
0.956997724832036
0.592648220947012
0.641109208692797
0.547481206594966
0.605243539554067
0.988549498142675
0.648151087691076
0.862991513451561
0.89284391712863
0.552708873059601
0.6197973145172
0.635272436193191
0.55052924703341
0.558956920634955
0.995618277927861
0.99302714865189
0.56853373569902
0.95265479083173
0.788150918786414
0.697724429541267
0.724901242065243
0.853250950574875
0.541251372895204
0.669656290090643
0.840393775608391
0.658474624040537
0.915784299024381
0.607586041325703
0.748974468093365
0.638024836312979
0.596011659363285
0.975310632027686
0.660862768883817
0.73922819190193
0.51399628596846
0.773729734006338
0.822120110271499
0.798131772316992
0.660968687850982
0.94555715622846
0.813128473702818
0.651452457648702
0.694102331879549
0.580237546237186
0.931275948765688
0.976550606894307
0.781822341727093
0.664773706695996
0.998308609356172
0.617409837897867
0.806335982633755
0.554089264711365
0.743516284972429
0.549722911673598
0.580582881346345
0.641496435389854
0.791936167981476
0.86585382942576
0.582760455552489
0.933233881602064
0.854287068592384
0.880199768114835
0.573542054276913
0.679028481710702
0.836666240706109
0.761911300825886
0.674900896381587
0.620265350793488
0.529095898149535
0.618309871060774
0.945038956589997
0.90591370803304
0.873758161091246
0.577455862890929
0.562371044303291
0.987362904241309
0.718064998043701
0.732008313410915
0.58264904061798
0.792468278668821
0.63538900972344
0.615048460196704
0.845603915746324
0.641426199814305
0.905199033091776
0.54695830354467
0.911015035584569
0.71371414035093
0.877943629864603
0.831192753277719
0.722263698466122
0.813573092222214
0.500232674530707
0.608621757011861
0.852436122833751
0.60758324409835
0.906966860638931
0.653881937148981
0.843871342833154
0.966340539511293
0.557889832416549
0.563852843944915
0.839111928711645
0.714474297943525
0.917200488969684
0.985719033400528
0.535244488855824
0.72989259660244
0.850792559213005
0.543470083968714
0.996472008060664
0.626549497013912
0.524769217823632
0.843162473407574
0.893463676329702
0.676803037989885
0.683220722479746
0.643550065346062
0.539986456162296
0.682727134786546
0.589006907306612
0.768026860314421
0.751974356011488
0.972517551737837
0.670660641975701
0.732356887077913
0.541265590814874
0.930053423042409
0.697830319986679
0.867949675186537
0.585871702991426
0.727380815660581
0.885102379717864
0.531324999174103
0.907540747546591
0.650571262231097
0.682335513993166
0.656056395964697
0.518684982438572
0.75940246169921
0.839506707852706
0.951616780133918
0.512763349222951
0.994539135368541
0.651443812297657
0.969569200300612
0.843803790863603
0.723518497426994
0.908239069394767
0.519749598926865
0.869515842758119
0.674359746859409
0.914625411736779
0.767770695849322
0.637272681808099
0.900474105961621
0.545822347397916
0.91605388710741
0.638427536236122
0.876555049791932
0.982076285057701
0.54073328000959
0.927182373241521
0.901119108544663
0.692586802295409
0.663798699504696
0.602469351491891
0.78469133132603
0.944027595221996
0.764857045724057
0.793479328393005
0.832867571269162
0.764946229290217
0.754921449697576
0.508080240455456
0.523854992468841
0.964675341267139
0.884642769349739
0.600540308048949
0.825130750192329
0.826883341185749
0.697626880719326
0.906152414274402
0.773511708830483
0.942566325771622
0.776656993781216
0.953024055808783
0.793730683508329
0.711731825489551
0.974792661494575
0.854518951731734
0.706652704044245
0.509182041860186
0.783367041382007
0.745031726546586
0.93933701061178
0.906426343950443
0.927049988764338
0.683947973884642
0.936974956421182
0.575669085723348
0.640905834850855
0.833352578920312
0.988691788399592
0.791369868326001
0.763295039767399
0.530391112435609
0.984519431833178
0.560118564288132
0.54418165050447
0.940382057451643
0.754185314872302
0.668747498653829
0.947167312726378
0.515985814039595
0.618614848703146
0.843245175550692
0.612909211660735
0.659247294068336
0.586991908377968
0.90071479184553
0.573141028988175
0.911358695826493
0.665498914313503
0.687084693927318
0.814872711896896
0.548316871514544
0.510996857658029
0.996522390167229
0.791969422833063
0.890911532565951
0.945948061300442
0.877432726789266
0.989601865061559
0.522073533968069
0.951700442354195
0.932750407024287
0.887703795684502
0.688408208428882
0.521054024342448
0.682205540826544
0.636875634896569
0.925233740359545
0.681200856226496
0.652238895301707
0.879567669704556
0.922417312161997
0.728960780543275
0.864815832232125
0.552039318019524
0.609991588862613
0.976975623867474
0.876018770621158
0.909477691631764
0.708888550871052
0.796919246553443
0.899411778897047
0.944204325205646
0.692595796659589
0.545161042129621
0.812871818547137
0.872818108648062
0.542689228663221
0.650258805602789
0.807281078654341
0.876466028974392
0.958528566523455
0.737875252845697
0.783559733070433
0.868310173042119
0.928723712218925
0.954573252238333
0.528191112680361
0.751454152050428
0.675272386521101
0.922778061474673
0.903217581915669
0.558665613643825
0.856343277497217
0.617634429014288
0.537478375597857
0.967823073617183
0.578583912574686
0.823528675013222
0.586758873076178
0.510037004598416
0.760656923172064
0.543138946639374
0.641501173027791
0.710217450512573
0.793639062088914
0.903347214800306
0.600997604429722
0.729712335858494
0.724071556935087
0.866873879102059
0.857377405278385
0.915610989439301
0.943283060449176
0.976322286995128
0.775308360927738
0.761167883058079
0.585349127650261
0.739635779988021
0.626910398248583
0.51989031850826
0.817400254891254
0.769780457019806
0.570051774964668
0.641855888417922
0.791515297605656
0.582512946100906
0.548150555347092
0.714306545676664
0.67788078286685
0.922466769930907
0.630066236830316
0.511572246090509
0.931199769838713
0.667293980601244
0.815894435858354
0.773213129374199
0.688222246593796
0.592936507542618
0.714470295584761
0.815386799280532
0.760421175626107
0.829810668597929
0.864680465660058
0.743411436676979
0.692228307831101
0.503416754421778
0.501842113793828
0.997468220070004
0.553943440085277
0.709334579179995
0.858942273305729
0.871269566123374
0.935999411856756
0.803933980525471
0.878101675654761
0.923620649031363
0.806389824487269
0.896612083888613
0.51142734172754
0.708457274828106
0.937441193731502
0.823673507780768
0.962239493383095
0.58611254801508
0.657906394568272
0.902128139627166
0.994481705594808
0.661192775936797
0.500595814199187
0.996085309656337
0.574176195892505
0.524682148592547
0.798676741309464
0.660664221737534
0.763964500161819
0.897711010184139
0.534466298413463
0.847510348656215
0.974315753672272
0.638884658692405
0.624703292618506
0.579717740067281
0.535815028008074
0.778718791552819
0.74491852580104
0.747146180947311
0.944185792584904
0.518352179904468
0.601871906779706
0.756890569580719
0.618169944500551
0.787717834929936
0.741128955734894
0.784676344366744
0.572076157550327
0.57285438128747
0.706141556496732
0.8415051412303
0.826713910209946
0.957993166521192
0.906556566245854
0.837945000617765
0.903749554650858
0.564032209804282
0.625389266991988
0.665773495798931
0.703634644974954
0.8176837884821
0.904306022450328
0.629400600679219
0.909733569948003
0.507738834479824
0.827200383297168
0.905859792139381
0.730684463400394
0.601708550821058
0.509384108590893
0.641566348611377
0.957636312814429
0.966848260257393
0.771265806863084
0.609711272991262
0.744713902007788
0.900574368075468
0.703815328888595
0.551855783443898
0.64028258738108
0.680733110290021
0.629622420528904
0.73534091678448
0.682922736625187
0.560636027134024
0.52349684026558
0.631398152094334
0.984320583986118
0.744247741182335
0.738911014865153
0.874396440573037
0.833820115658455
0.524707798380405
0.847552622202784
0.681630783365108
0.942066803690977
0.887648614821956
0.569601820665412
0.647504635620862
0.563041392713785
0.794950811890885
0.780837804428302
0.844360560062341
0.655635404516943
0.802793420734815
0.995517159462906
0.871602457598783
0.537928565172479
0.725584453204647
0.526768467272632
0.66977775702253
0.86697607440874
0.502053470234387
0.885954741155729
0.731487605604343
0.860420175013132
0.833252858603373
0.786036860314198
0.851906475028954
0.82861053023953
0.644676072522998
0.548619727836922
0.981210660538636
0.868167014559731
0.806361734285019
0.559964440413751
0.775129523244686
0.631378138903528
0.949180415598676
0.504589972901158
0.618117467965931
0.565022297669202
0.663116573356092
0.863199444138445
0.995872617699206
0.857566763879731
0.752219905494712
0.718023835914209
0.974412625306286
0.560090743820183
0.53757258830592
0.944510746398009
0.712226047529839
0.521180339390412
0.823721071821637
0.734309581224807
0.808963061659597
0.635407716268674
0.578647643327713
0.557127135107294
0.753841431578621
0.774016143754125
0.570323094725609
0.58488452504389
0.880992661579512
0.763697470305488
0.930494678788818
0.836777493939735
0.506520514842123
0.846599450684153
0.94585686607752
0.815925087663345
0.553647327469662
0.96053260192275
0.837681190576404
0.574296856299043
0.872670921147801
0.971299430937506
0.710391687811352
0.648861539084464
0.629713335074484
0.611440658452921
0.782827171729878
0.878325066412799
0.834801772958599
0.773261397145689
0.90573182888329
0.87958340102341
0.51003423309885
0.690451850066893
0.525440056808293
0.898951468640007
0.961849606595933
0.771299185231328
0.926182300085202
0.791781431646086
0.834161821752787
0.755657298257574
0.881375294644386
0.951681143953465
0.910237256088294
0.535715924808756
0.501948171528056
0.526099307928234
0.933280089870095
0.788122584461235
0.656921286019497
0.979732891893946
0.795596878509969
0.76570466789417
0.691968335770071
0.659776614746079
0.904193127644248
0.520959749235772
0.681871347362176
0.928298483486287
0.848973289248534
0.842243236489594
0.67400752636604
0.777340914704837
0.568621808779426
0.89246577816084
0.94343128579203
0.60204794164747
0.885311480727978
0.798181480378844
0.978834871202707
0.579344198806211
0.762987137073651
0.936575683765113
0.934853035141714
0.511844321619719
0.987944846739992
0.745112099102698
0.694585161516443
0.708777479943819
0.546462910249829
0.580904605099931
0.702708247583359
0.67090722208377
0.707628726609983
0.652026234543882
0.780140268732794
0.577937075286172
0.978289882070385
0.521983312675729
0.686078871367499
0.981307670706883
0.822713757865131
0.530631307163276
0.704972964245826
0.712952567031607
0.754079042351805
0.724799955380149
0.811630691750906
0.569988965522498
0.953973200405017
0.784721637377515
0.774140286957845
0.558413811260834
0.881014166167006
0.739184723352082
0.890984457335435
0.523013274301775
0.909922333899885
0.634704223717563
0.641425207257271
0.821610779734328
0.974059418891557
0.503499227226712
0.675808836007491
0.709522862453014
0.728938398533501
0.855846289661713
0.959924028837122
0.813555350294337
0.951090889167972
0.878664579591714
0.568929182831198
0.576627439004369
0.595656093442813
0.716592570301145
0.543609650922008
0.611890000523999
0.786074339761399
0.700084589188918
0.782732690335251
0.914811939350329
0.821056909742765
0.695749375852756
0.854789927368984
0.554412036552094
0.636811367119662
0.796933466335759
0.580092406715266
0.926715119392611
0.923869578866288
0.738943406264298
0.886846061213873
0.647700040251948
0.532814055914059
0.720266562420875
0.731049428926781
0.670467185089365
0.592570159351453
0.753498863428831
0.509595515322872
0.886843019747175
0.77983253961429
0.82073131960351
0.734216059325263
0.639611905324273
0.730608285171911
0.896369170863181
0.792782788164914
0.697379492921755
0.905618674820289
0.659281546948478
0.790723669109866
0.727744478965178
0.634401724906638
0.777588602388278
0.61561544216238
0.77161644899752
0.723785070586018
0.565144068445079
0.81086299137678
0.773997141630389
0.574622106854804
0.779772934620269
0.71344278822653
0.723865049192682
0.916647385805845
0.859793641371652
0.72844337776769
0.760632131481543
0.621228538802825
0.537930417340249
0.695647545624524
0.506554107996635
0.933749734307639
0.996307836845517
0.8544276941102
0.913357745157555
0.94594813475851
0.76970536634326
0.777656795922667
0.638219941873103
0.829598962911405
0.62171762122307
0.644133102381602
0.857890479266644
0.86376681656111
0.586521519348025
0.653155629406683
0.684953638352454
0.538860777160153
0.856575094396248
0.775461364537477
0.567932698177174
0.987081847037189
0.780981579446234
0.894204690819606
0.924457042128779
0.939020887366496
0.900238186935894
0.820074243238196
0.814463880378753
0.635704502346925
0.514969912706874
0.70993210747838
0.677717335522175
0.696165626985021
0.585968416184187
0.659821059671231
0.706777532119304
0.879667848348618
0.635945102549158
0.557791228522547
0.51466830749996
0.903427648940124
0.740063218283467
0.903123970143497
0.539502840838395
0.557668704772368
0.56470814475324
0.869374271016568
0.878549266722985
0.99622765427921
0.812276493641548
0.644345054286532
0.599955887184478
0.900458924355917
0.863881355151534
0.608523987350054
0.872119252686389
0.933326854137704
0.76470287819393
0.799319273442961
0.96881616616156
0.975362049182877
0.830266150645912
0.536143290461041
0.913165789330378
0.739772038999945
0.695614391705021
0.649561387836002
0.622154124779627
0.710905065876432
0.968885088455863
0.632242558291182
0.784284377004951
0.60109228384681
0.596402813447639
0.859305872581899
0.656758947763592
0.569195063668303
0.529015348874964
0.965549820568413
0.784169006044976
0.558885180274956
0.78239724074956
0.770128091447987
0.909841259242967
0.851489751948975
0.783874186803587
0.860654633142985
0.876222106744535
0.69071129837539
0.64400514063891
0.76584166358225
0.629823035676964
0.915895158890635
0.702681942377239
0.536315962788649
0.976879312307574
0.608591891475953
0.702812633360736
0.812834157724865
0.814202401903458
0.664119332097471
0.569454745971598
0.957328585209325
0.799557983642444
0.874803547980264
0.959477372583933
0.764382697991095
0.685989373014309
0.532904160558246
0.927184961852618
0.755205650697462
0.60499902931042
0.687921718345024
0.603682749904692
0.729620408616029
0.620751125039533
0.55934516119305
0.536234574858099
0.845494924928062
0.643478809623048
0.574706247774884
0.986216004588641
0.70525719516445
0.700906927115284
0.824278174317442
0.958152869832702
0.608331069466658
0.773999435943551
0.8600252289325
0.698623002623208
0.547000696300529
0.817448202520609
0.501239405130036
0.605261619901285
0.839511404745281
0.933094565174542
0.89984855777584
0.567498199176043
0.693749128840864
0.894235964515246
0.846456833300181
0.797136485693045
0.561928825685754
0.777539051370695
0.724705693894066
0.883083264343441
0.51304886082653
0.597585715935566
0.940617282409221
0.554900796734728
0.984275463968515
0.692599296453409
0.929295703652315
0.943692377302796
0.74454574927222
0.85904590447899
0.743352786288597
0.994354430469684
0.532375564798713
0.578831388964318
0.892674309201539
0.771094144904055
0.708273672615178
0.999441324500367
0.627836558502167
0.753937835572287
0.539485588786192
0.906834182213061
0.691089580068365
0.901091353967786
0.598961818381213
0.973199885105714
0.672836237121373
0.761025123647414
0.555844003218226
0.942987425602041
0.97712748660706
0.520190381561406
0.74680809432175
0.613031852408312
0.929400169639848
0.765467866905965
0.50231907540001
0.638780040084384
0.662601571530104
0.794353138306178
0.624842350371182
0.52155864040833
0.555339393788017
0.851876906002872
0.969510619412176
0.655584509018809
0.539246465079486
0.660872045671567
0.81245276844129
0.720120924757794
0.900672650313936
0.639641902525909
0.785356596694328
0.521064006024972
0.595358727732673
0.863543235347606
0.913345025153831
0.755360537674278
0.78386308287736
0.500577909871936
0.571889051585458
0.932983541511931
0.541280530276708
0.622285341029055
0.99077157874126
0.78879063972272
0.62436318222899
0.807476976886392
0.515878660371527
0.573211772134528
0.851536486996338
0.532780354260467
0.810903531149961
0.968663682695478
0.543947307392955
0.986401754664257
0.51300535525661
0.86261397600174
0.726853195810691
0.783091202494688
0.93636552314274
0.77728158980608
0.868826103629544
0.81156458100304
0.655514202895574
0.696098242304288
0.601043727714568
0.926390194799751
0.803415075410157
0.878049006918445
0.781258404371329
0.637949506402947
0.867779201827943
0.774639896932058
0.673063521971926
0.757482817396522
0.907883973792195
0.763136284658685
0.601520024938509
0.924053840222768
0.685247107525356
0.651662585441954
0.885298523469828
0.866724277497269
0.919452999136411
0.784524421207607
0.51314041914884
0.743063614121638
0.771340516395867
0.918330058455467
0.864332269062288
0.777556903427467
0.536707198712975
0.568251149612479
0.84230434813071
0.549810968106613
0.601892952574417
0.682990069151856
0.92309787881095
0.618436297751032
0.852438925299793
0.553804415394552
0.889534434303641
0.627552841673605
0.774021663004532
0.516950760385953
0.903054738068022
0.668876403593458
0.958142929011956
0.678553208941594
0.987682506558485
0.692189261317253
0.744336767587811
0.745388115639798
0.506127312080935
0.820736600318924
0.756287485826761
0.660176059114747
0.79071657883469
0.808672204148024
0.719137268839404
0.585184490308166
0.857540248311125
0.873893274343573
0.921957354061306
0.767379523487762
0.651117630768567
0.728259091032669
0.692171267233789
0.624523427337408
0.827313372399658
0.977661850862205
0.645541478646919
0.825094543281011
0.768179965438321
0.798725933302194
0.512449134723283
0.502420869772322
0.565689127193764
0.512408551876433
0.546064725960605
0.737779112067074
0.598328380612656
0.90733697428368
0.622029614052735
0.744403818971477
0.824441239819862
0.579358235001564
0.918488955474459
0.718298264895566
0.616747762542218
0.649427996017039
0.579710668418556
0.792783552082255
0.57438898854889
0.589529779856093
0.66961075249128
0.591950969421305
0.702770761097781
0.806779809179716
0.842835667193867
0.911762800067663
0.686991056893021
0.976420502294786
0.509416079497896
0.806187486159615
0.731786881922744
0.677364810253493
0.941211514407769
0.537901429226622
0.94164559582714
0.594110917882062
0.607533373404294
0.934766145772301
0.530419028131291
0.617449800367467
0.996507756412029
0.839098863885738
0.717743400251493
0.68865497095976
0.730592012172565
0.900925935828127
0.831483487621881
0.73300183203537
0.526629718253389
0.61859895917587
0.616619868786074
0.615326800383627
0.530863136984408
0.748559304629453
0.622062544338405
0.879092769464478
0.773651338764466
0.974033448146656
0.54308609617874
0.973941292497329
0.861199434031732
0.961002302356064
0.806920471834019
0.580483250669204
0.59147034608759
0.865091781015508
0.794762825244106
0.656241181306541
0.886397199472412
0.668149101082236
0.927838345523924
0.790264246752486
0.707861325703561
0.966286392649636
0.73134942073375
0.54967316496186
0.732724681613036
0.992041928810067
0.962636432959698
0.717699381755665
0.934860357898287
0.650177085888572
0.898986315587536
0.900255355983973
0.693462848081253
0.69079484755639
0.822757807094604
0.930833727121353
0.828316335449927
0.758163036778569
0.57439079170581
0.806382951443084
0.52098340948578
0.749179496313445
0.86975411081221
0.876949889701791
0.531546870595776
0.721240966697223
0.750335849588737
0.635121550178155
0.799401074531488
0.867918813135475
0.856788905919529
0.55824646842666
0.78756030916702
0.899065993609838
0.615911898319609
0.862427912768908
0.919011598918587
0.559419285389595
0.979475198313594
0.873882292187773
0.905444739386439
0.59495886170771
0.512984388740733
0.931891146115959
0.959589932695962
0.568813993944786
0.738824310945347
0.731480750138871
0.850089305546135
0.53278745058924
0.866519996663556
0.697965795174241
0.730743922409602
0.862649681628682
0.735001323511824
0.99976198875811
0.92296789586544
0.914103651884943
0.880822172155604
0.556053245905787
0.919488509651273
0.906925262068398
0.995706097106449
0.524157262407243
0.873393956222571
0.709656760795042
0.791071948595345
0.915367031120695
0.506765313679352
0.505760881584138
0.998222853639163
0.88284483354073
0.657331305323169
0.906005872180685
0.995609608711675
0.600379796465859
0.823018610128202
0.718775364453904
0.969014130765572
0.99400165269617
0.728159780497663
0.615307471598499
0.847744634258561
0.778316172305495
0.792355044744909
0.71681562345475
0.713087526382878
0.798427197732963
0.726042792433873
0.978304329328239
0.922215175000019
0.611384301329963
0.710085088503547
0.709991467767395
0.510395424440503
0.690223984769545
0.711174213793129
0.595713031711057
0.852664640871808
0.506760237622075
0.865601552883163
0.716362048988231
0.865620046504773
0.506970776244998
0.522656654240564
0.709207188221626
0.821920001064427
0.609896892798133
0.916721326415427
0.847383656771854
0.949562242603861
0.707120142644271
0.705502351629548
0.625007494702004
0.686883519520052
0.615946366335265
0.965801582322456
0.73817237757612
0.523832501494326
0.886765528004616
0.665558664710261
0.77643823530525
0.838165264460258
0.638667185441591
0.52642783918418
0.712879291852005
0.805059241014533
0.988023017533123
0.984900060109794
0.544242278672755
0.749190018628724
0.697844683891162
0.695165964541957
0.659249745425768
0.841287527116947
0.642307453788817
0.69504735711962
0.995084280148149
0.896002865745686
0.656202575773932
0.908558865194209
0.61045488610398
0.750536910141818
0.583486148156226
0.559829597244971
0.948804983869195
0.546857439330779
0.932529278332368
0.638295731856488
0.513641846366227
0.893692481680773
0.679330149898306
0.512551482883282
0.873046798980795
0.514812788576819
0.716932415496558
0.628313416498713
0.749007610487752
0.826677615288645
0.541828442830592
0.590236230869778
0.552231250796467
0.906196491909213
0.81375122081954
0.815286242985167
0.695444925106131
0.716126786894165
0.674317001132295
0.896778879337944
0.943468056037091
0.825563543359749
0.796431632130407
0.663911046925932
0.537844683974981
0.795693621039391
0.589168381760828
0.870675062062219
0.646938104066066
0.819592905347236
0.562411198625341
0.627632891875692
0.910287343664095
0.901890196488239
0.522917315363884
0.937765860930085
0.564004544983618
0.804415701772086
0.734783436637372
0.778645542799495
0.865196392289363
0.734929344384
0.994305029511452
0.992334192269482
0.696642340510152
0.804423568770289
0.672741865040734
0.718556281062774
0.61456598166842
0.503036124049686
0.511938444105908
0.529379214160144
0.882287822547369
0.734522002749145
0.925415940117091
0.790859695291147
0.593444131198339
0.804530489258468
0.946670866571367
0.897160582942888
0.752046416979283
0.711514136870392
0.827190643874928
0.94386925722938
0.946008235565387
0.589195268927142
0.628751212381758
0.556719252374023
0.898579479311593
0.554769244394265
0.914535847376101
0.885523148463108
0.971844702260569
0.733478796784766
0.969927823753096
0.89259147120174
0.937303937505931
0.697231326717883
0.54984958039131
0.638480710214935
0.861111025558785
0.678152589709498
0.691355941700749
0.515984325436875
0.760722643462941
0.560538955149241
0.942592088249512
0.537323149503209
0.892113973386586
0.927066151285544
0.518589085317217
0.637571754748933
0.821034974534996
0.892539179767482
0.700031355954707
0.967651164857671
0.695258485386148
0.71197965356987
0.643210850539617
0.805874204263091
0.779406369314529
0.519983567530289
0.872640973422676
0.603243710356764
0.828247982542962
0.761207335628569
0.816718292422593
0.80878156691324
0.642447773716412
0.611903611221351
0.769509677658789
0.998185988632031
0.664458268438466
0.661668044165708
0.517661758931354
0.762805926264264
0.798403457505628
0.871043329592794
0.976418564794585
0.74481061892584
0.541643672739156
0.629963999497704
0.93742331280373
0.926029568188824
0.921452332288027
0.973451837315224
0.826340817380697
0.744077782612294
0.593878350337036
0.856516530388035
0.54253498534672
0.730599702801555
0.967953653307632
0.922646833932959
0.858093358459882
0.561903174151666
0.797413730644621
0.994926400715485
0.8077042439254
0.636538833496161
0.531853421591222
0.536151637788862
0.936755607021041
0.681412498350255
0.972811074578203
0.779159469995648
0.756330575444736
0.97388583177235
0.554900797782466
0.909453775268048
0.688671053387225
0.778320523910224
0.656935593346134
0.541171440156177
0.889968771138228
0.596617364208214
0.827792733791284
0.717573526664637
0.598574163275771
0.997330211102962
0.723371433210559
0.515713332104497
0.968508279067464
0.935491977143101
0.800623141694814
0.649507728172466
0.904673137585633
0.976071192533709
0.926026985631324
0.5636548679322
0.984441174892709
0.778550504357554
0.502682223683223
0.567881959839724
0.502923550782725
0.908437031088397
0.891081793932244
0.965533142909408
0.684344941168092
0.987227437086403
0.911871840944514
0.893724431633018
0.811412917333655
0.983677464420907
0.749959245324135
0.946847799816169
0.700521623482928
0.723770804819651
0.967889541061595
0.841666098684072
0.509081565076485
0.5827633588342
0.747917249449529
0.713267614017241
0.996026560314931
0.944475061958656
0.672877685632557
0.852922062505968
0.954362343531102
0.838146443595178
0.819550135638565
0.574802263523452
0.800562695018016
0.636375617934391
0.72892668552231
0.611126546631567
0.627460758434609
0.826843863585964
0.73599658056628
0.580481517827138
0.636040167300962
0.856478046509437
0.806676826090552
0.566060983110219
0.535003626602702
0.983132506487891
0.684135138988495
0.838727042311803
0.922975865192711
0.620825192658231
0.517575495527126
0.797620118362829
0.918095564004034
0.681124605122022
0.666094266693108
0.822368165361695
0.979307568399236
0.798101814230904
0.755140008986928
0.577632067957893
0.922925502760336
0.607190212816931
0.834936622413807
0.80887822562363
0.524999888497405
0.974699387792498
0.791276015806943
0.930477168527432
0.75923362467438
0.633063741726801
0.798688831739128
0.897788042086177
0.844643018790521
0.740315822302364
0.732964694383554
0.809206167585216
0.72463525715284
0.801353766350076
0.502304487046786
0.997497256263159
0.703231224208139
0.558975818566978
0.934769547660835
0.770096478285268
0.940798833966255
0.518769919523038
0.94071698107291
0.861174834892154
0.884905148297548
0.931796854478307
0.750371051602997
0.962932012160309
0.604037335142493
0.513552796910517
0.657896536053158
0.830056124832481
0.65734565036837
0.972230693907477
0.889485289924778
0.669715623138472
0.740823132335208
0.707997399382293
0.888166949735023
0.742713502957486
0.507649552077055
0.821225647581741
0.617414992419071
0.873512941529043
0.647803687257692
0.953109095804393
0.926662008976564
0.730981888482347
0.535674124141224
0.788901862222701
0.789789667003788
0.996788388467394
0.667637207196094
0.833400887087919
0.969278000993654
0.787428417475894
0.845855706953444
0.544879293534905
0.933229622314684
0.750569698400795
0.611628142069094
0.706209620810114
0.943153139785863
0.747796718613245
0.836376863881014
0.64125221897848
0.908529151463881
0.6230497272918
0.684823096962646
0.617762197507545
0.96787846297957
0.707538414164446
0.568724702694453
0.957182361511514
0.673820688039996
0.926465437863953
0.571317589376122
0.679716435493901
0.622752533759922
0.522952973260544
0.89227395108901
0.599585867254063
0.695925122126937
0.66178112232592
0.801052952534519
0.770635839784518
0.995411866344512
0.626895524561405
0.867634946596809
0.988804080523551
0.779023120878264
0.696354079758748
0.912344629643485
0.556192230433226
0.767888952046633
0.721915792440996
0.636978606344201
0.578678767895326
0.935919036855921
0.781022428185679
0.775344879133627
0.796182642807253
0.863906431361102
0.819462642306462
0.807225082418881
0.526208425289951
0.782578876474872
0.793670690152794
0.814283537562005
0.810945322504267
0.541135021019727
0.538821306079626
0.843547344906256
0.915151796187274
0.572954937582836
0.891765036154538
0.743225039565004
0.994632552727126
0.749552477267571
0.781130267539993
0.689128510304727
0.759318598662503
0.537141896085814
0.769236172083765
0.980530500411987
0.763905069790781
0.718579725944437
0.516133498284034
0.518867090344429
0.523674146970734
0.580479517811909
0.734548696666025
0.902961987419985
0.640298758051358
0.877391992602497
0.760912907426246
0.644473596592434
0.508688600733876
0.834174764924683
0.53348798234947
0.918193213408813
0.567671577911824
0.827939054230228
0.918973864405416
0.628823998034932
0.567997642559931
0.881744207115844
0.605998116661794
0.633984799613245
0.765915597323328
0.737058433704078
0.686721832491457
0.887674964265898
0.779101985041052
0.577618310577236
0.994709224207327
0.622223215177655
0.565189256099984
0.606340567697771
0.690002124174498
0.679810584406368
0.651331024477258
0.52219985681586
0.967391676385887
0.784358514938504
0.610401372541673
0.938980587641709
0.733644403168
0.77117490733508
0.89219908695668
0.823935136198997
0.572446573525667
0.660818688571453
0.975527791306376
0.59409924549982
0.875202124239877
0.729579237638973
0.570682524470612
0.602596538024954
0.837646749801934
0.569015105254948
0.707771850400604
0.725623515900224
0.811473284848034
0.625587148708291
0.732076731859706
0.582754614530131
0.928903226740658
0.578275948646478
0.544165816856548
0.94670888595283
0.650310254190117
0.876043335534632
0.700803323998116
0.724279053043574
0.579836990102194
0.57225792563986
0.574590196018107
0.757217129925266
0.746413653134368
0.808171384269372
0.723711445345543
0.527838357607834
0.502698154770769
0.610917100566439
0.925481611979194
0.633673103060573
0.799300136626698
0.804299848619848
0.996079220203683
0.595594980404712
0.876695292303339
0.621193668572232
0.663726110011339
0.501767747336999
0.998712071799673
0.719029752188362
0.998844372457825
0.598359584575519
0.555738397873938
0.625368225271814
0.840238301549107
0.788627148373052
0.708173648105003
0.864590621786192
0.787094866507687
0.7888175745029
0.794999563717283
0.611464170040563
0.551746149314567
0.868253013468347
0.806201878120191
0.975606180261821
0.979937932803296
0.872418025042862
0.717415072838776
0.5873875686666
0.717644034419209
0.881229093880393
0.959514655522071
0.953348791459575
0.907756414497271
0.59987647132948
0.524812792660668
0.739474262809381
0.795196684426628
0.548310117912479
0.975445117452182
0.581371569307521
0.960753131308593
0.563887536409311
0.831369795254432
0.892020963714458
0.882306580897421
0.836285155266523
0.557832951191813
0.925650743767619
0.808980797417462
0.918205777998082
0.584964112378657
0.505140610039234
0.661734865629114
0.634841362247244
0.912630678038113
0.966830868506804
0.563895741826855
0.956668803119101
0.802616973873228
0.700142583227716
0.832897651707754
0.883799638599157
0.760947850067168
0.697253758553416
0.982893416774459
0.524492770317011
0.576654135831632
0.848419532761909
0.863892936613411
0.554189707734622
0.732284272788092
0.821062768111005
0.698555468930863
0.99521512852516
0.839354404946789
0.657659228774719
0.576884630019777
0.650625867885537
0.547257765312679
0.513437753426842
0.65524165215902
0.871219434309751
0.980046106153168
0.707901331363246
0.761117703630589
0.533759864396416
0.814920902717859
0.676706893602386
0.712357326061465
0.981884395354427
0.840499243466184
0.859231942216866
0.585314882686362
0.601804544567131
0.938274855958298
0.918761262786575
0.860313521232456
0.64053168555256
0.604995448375121
0.74707515980117
0.760876404121518
0.609915905864909
0.881553351180628
0.512259826529771
0.855742972576991
0.920443799579516
0.965410536038689
0.831045823637396
0.634971109684557
0.609116730163805
0.933909085579216
0.512285775854252
0.925013362197205
0.761966538499109
0.717731350916438
0.965647373232059
0.582275197957642
0.689394196029752
0.569022468524054
0.574860538588837
0.838223623693921
0.781058077933267
0.735824221395887
0.905550084309652
0.981194266118109
0.757704942021519
0.851861384813674
0.590439755003899
0.677483473555185
0.52495139464736
0.576276851352304
0.549635859322734
0.640074038063176
0.693725101067685
0.817079393193126
0.853531804401428
0.663009159383364
0.982591657550074
0.848227223730646
0.580539097078145
0.684531120816246
0.651108879595995
0.728982883738354
0.911641373182647
0.616269675432704
0.701161112636328
0.985806401469745
0.562210372998379
0.815145038301125
0.851933502941392
0.795600142097101
0.998258135630749
0.522668050718494
0.995036268956028
0.872653154656291
0.718374798889272
0.576503274380229
0.724432587740012
0.59316235629376
0.713274291250855
0.910389933269471
0.525189457111992
0.662691075820476
0.921205964754336
0.520099896471947
0.895936480606906
0.980814218753949
0.830460243741982
0.504358709556982
0.732894612126984
0.858306924346834
0.514091054908931
0.92274127935525
0.873207704513334
0.63201538217254
0.872956838109531
0.835791235673241
0.586026366683654
0.834858234156854
0.965177015750669
0.925487379194237
0.890536617604084
0.842921165633015
0.795684556011111
0.701636608457193
0.564174056285992
0.91008223220706
0.858360236161388
0.894162426237017
0.509158000582829
0.587245070491917
0.799324484192766
0.540319411433302
0.853657970903441
0.781834387104027
0.641403954592533
0.696028382866643
0.836364083923399
0.581089833634906
0.554250951739959
0.766722114989534
0.551599550177343
0.54670904262457
0.819962571025826
0.782021218561567
0.65276825975161
0.633004515664652
0.816250394796953
0.915378916775808
0.525677807629108
0.996167518082075
0.511043596430682
0.58991944452282
0.664346037432551
0.927447858382948
0.592180156614631
0.897678351262584
0.929426069138572
0.736009766929783
0.824101419653744
0.662520842277445
0.73306872905232
0.97120364184957
0.622732149320655
0.511228529619984
0.983535915263928
0.630024428479373
0.827053608256392
0.537690618773922
0.984623049502261
0.959269661922008
0.934076268109493
0.712189487414435
0.890515987994149
0.649952946347184
0.644726394210011
0.999636916560121
0.99351860396564
0.740023170597851
0.88113753311336
0.66430596250575
0.618119423626922
0.808930015191436
0.6702246327186
0.5291955138091
0.990972911124118
0.844020060845651
0.931091110454872
0.730847741826437
0.563013599254191
0.840147722628899
0.509974392596632
0.581479319836944
0.947907917550765
0.576578872278333
0.629320796811953
0.622012340114452
0.655932453693822
0.610623344779015
0.515273421420716
0.9515183045296
0.979698732146062
0.971424330724403
0.726650019991212
0.718832501210272
0.525083073880523
0.679910634178668
0.948322032345459
0.685531583614647
0.751642505638301
0.763799653039314
0.585135032539256
0.769299388397485
0.55524672253523
0.80705251719337
0.772488213493489
0.61381434625946
0.950754326302558
0.599263218347915
0.710906058782712
0.942180929007009
0.619100423296914
0.645815299125388
0.938197634764947
0.809536237502471
0.928649376844987
0.738642166252248
0.947115479968488
0.584534678375348
0.810535068856552
0.861380264861509
0.595108081703074
0.784357751137577
0.835765663767233
0.959605449344963
0.662779848906212
0.773376035154797
0.502495589316823
0.685058070695959
0.81881071231328
0.804803505074233
0.909146084566601
0.558945898315869
0.831678835558705
0.600803627632558
0.793429770739749
0.847534989356063
0.764144073938951
0.684760755044408
0.849236202775501
0.73685222864151
0.615403924020939
0.727067348314449
0.539595959591679
0.628840286866762
0.777040250366554
0.510879896581173
0.605551031883806
0.818196696112864
0.858486885554157
0.888431202736683
0.536604282679036
0.54937418573536
0.97319778020028
0.965441703912802
0.96072577079758
0.824969324166887
0.578175183036365
0.95507183438167
0.961030943901278
0.584620306966826
0.536683657788672
0.783114465535618
0.682702648453414
0.730083309463225
0.732368456199765
0.88945355406031
0.911833188147284
0.641177526093088
0.864989157067612
0.747985842986964
0.533134150551632
0.518823915277608
0.618792537017725
0.609198055113666
0.711193137452938
0.774875816539861
0.856868802336976
0.619997054338455
0.947841006563976
0.741311894031242
0.631423500948586
0.659959380165674
0.83215098711662
0.864025680697523
0.785717975464649
0.939347538165748
0.704601639416069
0.602697894792072
0.735410208581015
0.689703887677751
0.623782481183298
0.962516262894496
0.733087353291921
0.506970841670409
0.971612369059585
0.687272827723064
0.504020767752081
0.990262251696549
0.688770027947612
0.992933777393773
0.569808195345104
0.781109051546082
0.897180097177625
0.596950684324838
0.85534925153479
0.782854010001756
0.505057866568677
0.628475433913991
0.735490741441026
0.96343137358781
0.997645989409648
0.604991150205024
0.772593454108573
0.822696436196566
0.95055399031844
0.866160873672925
0.804855350987054
0.612186066806316
0.958085506688803
0.901380512397736
0.656204306287691
0.613625598140061
0.828797601978295
0.867865578155033
0.732547127292491
0.931802664650604
0.837500291643664
0.580733944429085
0.506045153364539
0.933034013723955
0.550356393912807
0.656116122263484
0.717247526510619
0.807878032093868
0.669612028403208
0.789989051409066
0.914837401360273
0.667309072799981
0.691009498084895
0.802844967343844
0.747867946047336
0.554633941850625
0.92296414996963
0.72292826755438
0.875187952420674
0.897769309813157
0.695349428569898
0.507423944422044
0.871707413345575
0.534192589344457
0.766010315390304
0.561315206927247
0.837884999578819
0.528010033885948
0.899004692910239
0.831302482285537
0.622120698331855
0.580186218605377
0.528999950154684
0.507605596911162
0.916677385801449
0.63093860889785
0.527707413071766
0.674016716424376
0.790109204477631
0.902109137852676
0.670132863218896
0.567425165441819
0.886806460097432
0.938618924934417
0.993984017521143
0.827409292571247
0.627013651654124
0.82072777999565
0.725306190317497
0.598480598535389
0.803093742695637
0.987314874888398
0.599587190663442
0.717379486770369
0.669769367319532
0.517004121211357
0.549599281628616
0.709616416366771
0.523669169982895
0.513264638488181
0.5867560232291
0.689043267164379
0.794161392142996
0.66821483511012
0.747274143388495
0.876163337379694
0.584531055996194
0.921815818292089
0.660151428193785
0.616943608154543
0.654996782890521
0.894954981631599
0.627253874554299
0.961411762866192
0.574176748748869
0.608238903223537
0.813045905902982
0.628535086638294
0.85358687385451
0.871202609152533
0.631178196752444
0.786309903953224
0.957824313896708
0.85421002516523
0.922177535365336
0.959971207077615
0.647317337221466
0.82532633212395
0.570883095148019
0.926765840966254
0.833003308041953
0.866663339664228
0.657370174652897
0.833858970087022
0.731943355756812
0.825141465640627
0.892887604073621
0.950852100388147
0.763703774078749
0.579054524190724
0.634809376555495
0.567270107218064
0.618778777658008
0.861528311041184
0.813562716124579
0.726182246347889
0.81715348677244
0.764748439774849
0.665053192875348
0.88536868034862
0.817494584363885
0.887181842001155
0.589424581965432
0.698201136896387
0.981357932905667
0.688656809623353
0.538777474896051
0.764667554525658
0.974861996830441
0.928056527045555
0.774718071916141
0.832476770854555
0.750224068295211
0.962036080425605
0.545963976765051
0.748476678738371
0.891112047014758
0.934923437074758
0.95077616465278
0.905691243940964
0.57686481368728
0.864879363914952
0.879751466563903
0.830409743706696
0.954017543117516
0.69489193323534
0.978489172412083
0.72829318465665
0.597504297271371
0.795359616517089
0.577699346700683
0.7597480394179
0.706419845460914
0.913608475122601
0.781547940103337
0.728237740928307
0.59617431263905
0.735973417409696
0.616250122198835
0.657039855374023
0.933426022646017
0.722493653534912
0.716964209452271
0.73629404057283
0.916700856178068
0.505170553922653
0.654564737225883
0.543076485744677
0.911503546521999
0.735553606878966
0.766167962807231
0.697697714553215
0.727218584739603
0.557450473541394
0.515545421396382
0.511605439358391
0.538759672665037
0.680765547673218
0.880704362527467
0.871640820871107
0.548846101737581
0.980952708749101
0.571602214244194
0.742330870591104
0.782455495093018
0.966152795241214
0.91001238534227
0.766541519784369
0.692234490183182
0.772994156111963
0.898363967426121
0.81367168109864
0.551978500327095
0.595996254822239
0.921055216807872
0.739688306231983
0.88863029400818
0.909089567488991
0.648466969956644
0.613354969653301
0.810178946587257
0.686937786405906
0.942986209061928
0.562765803886577
0.578998295357451
0.81923126289621
0.593065280932933
0.832254339824431
0.756012927275151
0.870809920248576
0.668256514822133
0.555634224787354
0.701144812162966
0.771349370130338
0.870130643597804
0.586285040481016
0.793242713436484
0.749923271127045
0.9681792834308
0.955151555128396
0.576453304616734
0.653648752602749
0.84914708416909
0.881607620627619
0.754934827331454
0.613363586016931
0.582930712029338
0.658068575314246
0.522470543161035
0.834784206701443
0.873138586641289
0.624266681261361
0.733476611087099
0.522143663372844
0.549132950138301
0.948547262116335
0.807574241538532
0.820355000090785
0.730501060490496
0.639865726465359
0.972475123009644
0.511535862227902
0.588656363077462
0.985714063630439
0.89986887818668
0.999825507053174
0.630371726350859
0.791091329185292
0.536147083039396
0.901141850161366
0.940282682538964
0.944814769551158
0.505663503427058
0.620700283092447
0.803634448791854
0.681360282469541
0.854604329681024
0.521036480320618
0.828585515380837
0.615344721009023
0.636488686315715
0.866581888869405
0.589128100429662
0.692817134317011
0.842177280341275
0.707595523796044
0.771080919425003
0.727594940108247
0.563532219151966
0.515592123032548
0.582826601923443
0.899440355831757
0.571194018702954
0.537220420897938
0.514287003781646
0.708695951616392
0.9270140187582
0.665244470234029
0.722218257840723
0.70674161799252
0.675875392043963
0.963925139745697
0.965027278172784
0.640131579944864
0.864654974779114
0.608392449794337
0.970123888691887
0.532149486592971
0.994334456976503
0.605104240123183
0.659266216563992
0.56088494323194
0.792107123066671
0.829171705758199
0.998082513804547
0.597033783444203
0.90824835957028
0.809726029983722
0.992803554283455
0.720895982580259
0.862092611379921
0.53792431158945
0.81517137598712
0.607293225708418
0.959563775919378
0.905976001638919
0.928057963494211
0.908378622960299
0.708550845156424
0.988774551893584
0.749681829940528
0.749285832280293
0.671736126067117
0.533674697042443
0.953682669438422
0.610559867811389
0.648831946542487
0.829271231312305
0.783309954800643
0.985646195011213
0.552466116612777
0.771899462910369
0.95768606744241
0.936468701809645
0.952269454603083
0.889390281750821
0.583585535059683
0.560692454571836
0.559147065272555
0.716033795615658
0.888693483429961
0.952049047569744
0.713233140064403
0.904755553114228
0.7341875518905
0.839301548665389
0.879362942068838
0.841679807635956
0.92378980666399
0.655784954782575
0.591383401304483
0.546760085038841
0.507397296838462
0.951206651399843
0.898026459035464
0.538885949295945
0.550871545216069
0.586946045747027
0.764339010231197
0.867657007300295
0.559109332505614
0.551719696028158
0.776131732040085
0.64525928394869
0.720220262301154
0.559222152223811
0.960809304146096
0.866294748964719
0.73076523153577
0.836157213430852
0.644247205578722
0.831722705624998
0.687534321565181
0.83546177088283
0.706362281460315
0.855660117114894
0.640537978615612
0.869352238951251
0.787460726918653
0.512247992795892
0.68134736281354
0.72042463615071
0.701700976351276
0.772386083961464
0.931598252966069
0.882837328128517
0.532710954081267
0.558758987928741
0.654894103645347
0.654339153552428
0.866168397362344
0.570745679433458
0.988786618807353
0.927399507956579
0.791961866081692
0.949782126932405
0.50467227154877
0.892278543091379
0.953900738852099
0.555388779961504
0.73291050165426
0.83717413037084
0.732726230402477
0.937510270858184
0.700542768114246
0.78334257286042
0.826852873084135
0.642829864751548
0.945972425397485
0.569356672232971
0.7785970706027
0.626464213128202
0.536803085356951
0.881324312649667
0.803184387972578
0.666496932622977
0.954831809387542
0.795013598399237
0.973212864715606
0.951165269361809
0.693484019371681
0.859240497462451
0.913673527422361
0.956911022309214
0.565309399389662
0.52220853837207
0.994116933899932
0.694739676895551
0.855526706553064
0.762970038456842
0.693450637627393
0.859283415367827
0.940090358722955
0.56058009818662
0.683526118402369
0.894965931773186
0.607800115947612
0.810363380471244
0.68886117846705
0.802017649984919
0.782259134110063
0.847221650066786
0.907071843277663
0.726842117263004
0.684982347534969
0.911329519120045
0.756312135723419
0.87079091265332
0.924669239087962
0.720149857690558
0.702954153297469
0.925458805402741
0.863512306008488
0.807535125757568
0.850000531645492
0.874086481984705
0.63092382135801
0.638098325813189
0.599731885828078
0.971497998456471
0.63557284057606
0.749204324558377
0.518343940959312
0.900868616416119
0.702612282941118
0.730062952614389
0.965576075250283
0.694940362824127
0.872908184537664
0.891804248327389
0.60372812661808
0.528263364802115
0.665756916860119
0.841902592801489
0.883887134143151
0.826524695730768
0.966901997104287
0.50175797578413
0.689194546313956
0.821852025575936
0.549536305596121
0.507531730923802
0.574282535235398
0.87265515665058
0.926373375463299
0.662472728639841
0.633334754384123
0.621773721068166
0.978125145775266
0.748634369694628
0.847225787700154
0.957565956981853
0.804460893501528
0.631304428912699
0.959465368883684
0.855806539300829
0.521914296899922
0.816753813414834
0.926366193918511
0.559547929675318
0.976018951623701
0.520419929875061
0.585299990838394
0.511576704797335
0.694954953272827
0.854638570453972
0.827877772855572
0.743071358418092
0.540361581370234
0.983942200313322
0.780136432615109
0.858453080640174
0.641712378012016
0.901126451790333
0.81460967916064
0.95448045595549
0.69806259451434
0.654142207000405
0.865847081528045
0.847504284232855
0.717650082777254
0.903759945183992
0.652806522441097
0.957277656649239
0.814914694754407
0.88858212903142
0.85857194615528
0.831588094704784
0.851546000340022
0.59631792397704
0.799039107281715
0.883585260948166
0.618187965941615
0.845778031274676
0.546119538834319
0.868520620162599
0.972340535721742
0.832043825881556
0.833707787329331
0.710010837181471
0.568983461242169
0.734682556823827
0.546877121319994
0.877036675577983
0.683163952780887
0.784068190841936
0.69151065708138
0.60161935002543
0.767632692935877
0.69292362453416
0.931142679648474
0.54678177239839
0.531724268919788
0.583382018608972
0.967827615677379
0.721254487638362
0.837198141380213
0.518038999522105
0.734210544032976
0.522826785105281
0.810016846866347
0.932445994112641
0.597934580291621
0.641049226629548
0.932593544363044
0.516017523594201
0.891177687677555
0.72753474698402
0.540060944273137
0.953380435006693
0.594503327272832
0.873047934146598
0.715782039915211
0.835266098612919
0.593725606333464
0.940871586441062
0.524433724232949
0.610102443373762
0.630900233052671
0.883604952017777
0.692981252097525
0.63928655453492
0.538807756034657
0.750152431428432
0.725725724711083
0.99330080661457
0.571067170239985
0.916917875758372
0.514764745021239
0.8893793518655
0.614336970145814
0.566930059227161
0.595305461902171
0.607932319864631
0.967085696058348
0.994408827275038
0.655012464267202
0.56856543966569
0.830492903362028
0.79245668835938
0.672032666276209
0.906978269224055
0.641591979772784
0.922920530312695
0.56851094274316
0.930973878130317
0.533560309442692
0.717604217701592
0.840067479759455
0.602913460112177
0.971269523724914
0.689661895972677
0.813120070612058
0.59175120096188
0.829603809164837
0.867346455343068
0.747839716495946
0.934359371894971
0.915918972226791
0.991649412666447
0.833425112534314
0.821430071024224
0.522572642425075
0.595423221238889
0.516293621854857
0.923597238957882
0.712228627991863
0.908601719303988
0.575829996610992
0.702922052820213
0.861254465766251
0.529816914233379
0.665174611611292
0.888382000965066
0.920229672570713
0.935290765133686
0.976520950789563
0.691977876238525
0.975315983290784
0.852052312809974
0.710990696912631
0.695658046985045
0.60528337280266
0.876240090467036
0.722538925241679
0.726657421211712
0.541625429643318
0.682584514375776
0.947476452914998
0.772218922968023
0.515413533197716
0.694216541596688
0.556697622989304
0.638627229491249
0.859759915503673
0.688012592494488
0.817229977226816
0.748373896232806
0.903743228875101
0.791094204061665
0.586006401688792
0.968645519809797
0.526905437349342
0.543616093578748
0.920779002830386
0.710444630472921
0.858743026386946
0.868075365549885
0.993735272553749
0.980483559775166
0.570896867197007
0.832475657924078
0.516577121103182
0.747256675269455
0.895676211337559
0.689604876795784
0.974149680696428
0.830337890191004
0.716382547630928
0.919341299100779
0.902349361451343
0.713531152578071
0.664695254759863
0.782520256470889
0.930614585988224
0.792935512377881
0.822560064145364
0.883542034775019
0.846428512013517
0.933398841414601
0.547348776133731
0.804969647084363
0.620437394827604
0.734820829471573
0.64196104335133
0.959220639313571
0.69987202459015
0.782672330155037
0.540438506170176
0.971350092440844
0.867889302666299
0.737656108103693
0.590921624330804
0.865183440269902
0.80731352197472
0.530520795029588
0.526647691614926
0.727628157474101
0.590481068473309
0.745652962010354
0.990935724112205
0.612061053630896
0.856264327652752
0.575063029653393
0.762862919713371
0.914237911696546
0.563430272159167
0.909841640852392
0.623001708183438
0.548508982756175
0.581850726739503
0.832177601987496
0.838714058394544
0.566475938074291
0.989761992357671
0.573306237813085
0.970908376970328
0.850175872445107
0.783981451764703
0.623174494714476
0.670435766223818
0.919880972709507
0.960760733112693
0.757682443596423
0.9440560991643
0.852036101510748
0.711881394847296
0.650134551688097
0.9816922203172
0.562410298036411
0.840170266455971
0.90991957182996
0.608137410948984
0.797043589525856
0.580847965320572
0.702763259760104
0.619442549534142
0.763799422769807
0.835477400571108
0.953782485099509
0.666398591245525
0.621268249698915
0.6549943680875
0.613402767456137
0.56150156725198
0.633877812768333
0.961826818529516
0.528242079773918
0.750727573409677
0.896892968099564
0.918963672593236
0.788136834162287
0.620925044990145
0.791031112428755
0.56875778362155
0.741356162005104
0.546842806390487
0.652484763995744
0.838352677295916
0.602567494148389
0.697459253016859
0.901426553027704
0.61416034726426
0.538453758927062
0.889112453907728
0.835069848340936
0.755554836825468
0.607001030119136
0.593846649397165
0.80557358788792
0.519370744819753
0.614720276673324
0.911968944827095
0.650184124941006
0.508045904687606
0.980791795882396
0.543873346759938
0.874011698528193
0.918004106264561
0.507990267360583
0.926430749124847
0.775148632586934
0.669843704206869
0.662850935943425
0.819610056001693
0.563923648325726
0.655560550745577
0.791541303275153
0.879598119296134
0.775851570884697
0.843893652665429
0.685632168781012
0.953373428434134
0.987867661868222
0.883047090726905
0.506133056827821
0.761301987920888
0.899523125728592
0.603727785171941
0.693140891962685
0.771191389416344
0.872126541100442
0.666666215867735
0.662457619095221
0.711871518404223
0.638150674523786
0.813045074813999
0.521798922447488
0.80326739337761
0.708524548448622
0.521809511235915
0.996703870245256
0.813280520495027
0.91942007583566
0.698542314930819
0.97654449287802
0.68919889011886
0.909947543754242
0.503613275708631
0.936871327110566
0.536971996771172
0.908352125436068
0.793021518271416
0.841373177245259
0.857078861794434
0.64005263929721
0.836756779113784
0.64851968921721
0.785522887366824
0.527353090699762
0.673804208403453
0.748839542153291
0.765844492358156
0.907884188694879
0.755163233261555
0.924472900805995
0.797096431604587
0.768947645672597
0.813520206720568
0.645986904739402
0.783619569148868
0.999749991227873
0.960226984228939
0.884671596926637
0.921866355813108
0.961139934253879
0.800395068363287
0.68390096409712
0.87350175040774
0.742430369602516
0.502405411214568
0.836571222869679
0.701823789277114
0.976591017330065
0.567185709718615
0.688859972753562
0.949928516405635
0.901670504943468
0.753213671967387
0.509046867955476
0.625136565999128
0.652994074858725
0.830862019909546
0.549088499508798
0.982645225478336
0.933611828950234
0.642431285581551
0.717343618976884
0.67047452100087
0.67406498757191
0.652086609043181
0.957257984089665
0.641789425630122
0.933923659496941
0.908345647389069
0.592293561785482
0.613613238208927
0.832812918582931
0.734039627364837
0.554820031975396
0.572824148810469
0.658587166690268
0.803601499181241
0.973507631104439
0.711293084779754
0.96324428927619
0.549820546875708
0.933144479524344
0.630244115251116
0.642016199650243
0.582929003867321
0.514978314051405
0.549059320706874
0.559928875882179
0.597075054771267
0.914796298486181
0.507657130016014
0.692845453624614
0.957178004900925
0.507642832119018
0.654825500678271
0.714251344674267
0.781065532821231
0.960382733494043
0.758461209596135
0.870019984897226
0.808923071250319
0.602874754811637
0.754344520391896
0.53053117392119
0.887251063948497
0.602123431977816
0.928536797291599
0.756885907729156
0.625810673693195
0.906374723417684
0.533501278841868
0.513096739421599
0.79812815610785
0.923446883214638
0.726199580705725
0.751088655320928
0.604829803691246
0.857793095172383
0.768190026748925
0.52456971432548
0.911357440170832
0.62624823267106
0.760724466992542
0.66349605016876
0.555184420663863
0.92586608545389
0.812320018419996
0.924033011891879
0.563005905714817
0.834125806344673
0.803966515231878
0.972833178704605
0.790312214405276
0.651566426502541
0.967389568686485
0.922179681132548
0.712286677444354
0.742832542629912
0.884260075981729
0.626138409134001
0.906019980786368
0.91104770405218
0.708668520790525
0.958187972661108
0.535437836544588
0.905048042419367
0.742952235625125
0.652617362560704
0.80893691664096
0.659626685432158
0.826168406871147
0.957924153190106
0.784539515618235
0.8189453529194
0.708034990355372
0.898305075592361
0.931138097075745
0.683708561002277
0.74396928481292
0.94817593600601
0.73191142489668
0.60466399951838
0.838128147996031
0.86706490709912
0.826347081223503
0.603457108838484
0.98038577020634
0.503448582487181
0.951083276188001
0.544821430114098
0.918547388515435
0.777103020809591
0.801708465092815
0.905680496478453
0.631487312493846
0.519973473157734
0.569143681321293
0.552694916492328
0.587702910299413
0.980589977581985
0.597014320781454
0.666090383892879
0.84615032421425
0.846733207930811
0.643053294159472
0.649559626705013
0.714976956951432
0.691314580384642
0.953408258152194
0.767380649107508
0.803703685640357
0.752186526544392
0.752205351600423
0.711825854727067
0.608767350902781
0.659625109168701
0.620810063788667
0.500576192513108
0.611908580525778
0.984582311008126
0.716201432631351
0.981653564260341
0.62791005789768
0.567715269513428
0.781296013272367
0.716624670545571
0.931447063223459
0.957738472265191
0.809154465678148
0.920465315575711
0.644127559149638
0.949564267299138
0.57055162161123
0.570958431693725
0.789783789543435
0.997510384069756
0.766739926184528
0.564255287521519
0.588559702504426
0.887275136657991
0.825255551142618
0.778087019687518
0.872753576375544
0.671606438001618
0.695620114682242
0.676094780908898
0.811396052711643
0.580372965079732
0.623217766173184
0.973834460601211
0.994170812424272
0.767831489443779
0.522653843276203
0.801133227301762
0.860839658649638
0.791511438204907
0.763236722094007
0.676883372827433
0.54003089258913
0.564196408144198
0.682937694829889
0.800073247752152
0.618921684334055
0.509073027176782
0.654936464852653
0.539006329956464
0.62545621173922
0.570437469752505
0.685057374066673
0.570182727067731
0.783998333034106
0.771340203471482
0.581846541375853
0.972516371286474
0.812946281977929
0.532422585762106
0.590459138038568
0.833869067719206
0.953363438486122
0.90790935815312
0.72123721987009
0.580600707209669
0.582886508316733
0.73947293497622
0.697931340662763
0.897459829808213
0.884918546886183
0.699582476634532
0.815098397433758
0.706334557267837
0.682695375289768
0.810427441378124
0.977979016141035
0.738036269904114
0.81023188540712
0.644612043513916
0.703783861128613
0.722438593045808
0.641766844899394
0.985069477581419
0.94129941961728
0.904425320448354
0.854113226989284
0.590100801433437
0.531987854861654
0.553290505427867
0.924092159140855
0.679715104284696
0.892500297515653
0.954019422177225
0.81671235896647
0.807558144209906
0.533769952016883
0.620746941189282
0.705389101407491
0.905587506014854
0.689570612972602
0.723475115257315
0.785253891255707
0.565606184653006
0.506509184255265
0.838834863738157
0.917577805463225
0.968131740577519
0.529225306934677
0.834012897103094
0.692928270320408
0.788064521970227
0.569407088914886
0.627916926634498
0.656530442065559
0.857558903400786
0.594339764444157
0.57109064492397
0.787055808235891
0.524575136369094
0.717503825784661
0.741355080739595
0.732408450334333
0.743100968538783
0.868792442488484
0.995493155904114
0.920204179361463
0.555963161052205
0.930710938060656
0.783925643889233
0.841639459948055
0.894802739378065
0.701262766611762
0.926638594712131
0.594802766223438
0.747860816540197
0.56002217461355
0.61433165310882
0.952748948242515
0.736887436592951
0.770238389610313
0.986897659488022
0.986214510747232
0.842679734807462
0.88997957657557
0.510226608719677
0.864232870284468
0.961349222925492
0.72022889892105
0.852787390584126
0.908362395479344
0.743304656702094
0.921499708783813
0.7464369131485
0.508834609179758
0.720232628984377
0.738962331437506
0.800620286958292
0.721623361692764
0.653588721412234
0.836494608200155
0.804557132069021
0.986839270568453
0.587917356169783
0.98661323741544
0.789658569381572
0.869062630226836
0.932908944552764
0.823743051965721
0.847348058945499
0.997952719102614
0.924686699989252
0.88291111914441
0.568832661607303
0.547594467061572
0.760924113448709
0.59623048605863
0.865732589038089
0.747293489403091
0.571379576693289
0.920608484535478
0.970651979674585
0.638983738492243
0.575189643888734
0.853336721309461
0.782669297186658
0.545251220464706
0.780170203535818
0.807630031602457
0.774209967814386
0.696745474357158
0.708334075286984
0.952455460792407
0.836810992099345
0.977395116002299
0.575615923386067
0.779870819067582
0.549317875411361
0.811724983388558
0.628186379908584
0.739633282297291
0.738571753143333
0.915245708194561
0.947788756340742
0.788437860552222
0.971897545736283
0.645917652407661
0.812659638235345
0.810091931722127
0.82430892623961
0.617455304134637
0.701876466511749
0.585474910563789
0.759581514401361
0.792180690099485
0.540039090206847
0.864451262634248
0.807033264660276
0.835447880090214
0.648066779715009
0.680284250876866
0.815533144283108
0.980052968370728
0.682339185033925
0.59899495949503
0.627054381766357
0.742651339736767
0.706640824442729
0.664122665068135
0.678422485245392
0.84192962711677
0.931574632530101
0.73448436812032
0.791428548865952
0.749279984040186
0.83365392871201
0.843936631223187
0.553664962528273
0.556104634306394
0.966390087967739
0.710937937605195
0.781655742670409
0.97812109393999
0.597960536368191
0.611873222631402
0.810678488225676
0.917283318820409
0.903984187403694
0.575536726391874
0.541614332585596
0.889465311076492
0.977248126408085
0.809200715390034
0.718608151422814
0.832210739608854
0.934446206083521
0.751310726744123
0.76440151350107
0.885371769079939
0.6848924967926
0.970251348917373
0.516629386343993
0.669138747965917
0.567814274225384
0.668562384438701
0.741756150964648
0.878578378586099
0.89806149690412
0.708229310344905
0.514969911659136
0.969176002661698
0.95775131857954
0.806056775618345
0.959546040277928
0.813129511545412
0.563226828235202
0.57132081896998
0.840821930207312
0.961512408568524
0.575326214544475
0.942423422588035
0.725091310567223
0.523334996309131
0.911734022316523
0.983142834505998
0.903697894653305
0.648126363172196
0.598946035490371
0.600836462923326
0.674756343243644
0.612042431719601
0.582245855010115
0.546364975511096
0.816449946491048
0.892394171678461
0.529744649073109
0.542149827349931
0.502138861920685
0.571110357414
0.964596851845272
0.580942411557771
0.994250574964099
0.852111629792489
0.66227127739694
0.664042616728693
0.888351037865505
0.749301564064808
0.74850342492573
0.633187420084141
0.96490071748849
0.838772891554981
0.855129916104488
0.640897037344985
0.790345971472561
0.977128402213566
0.517999274190515
0.755117971100844
0.930292977718636
0.638746183481999
0.681424539885484
0.958258751546964
0.540117687196471
0.756362318643369
0.710018923040479
0.579024733277038
0.724778995499946
0.584810368251055
0.927623604307882
0.844066585530527
0.560762618202716
0.559558005654253
0.644271938828751
0.970117798540741
0.965820184792392
0.591464254423045
0.956436870503239
0.533228915766813
0.938814384862781
0.529405262204818
0.97584793670103
0.580034703947604
0.790417678304948
0.855708345072344
0.640161259099841
0.513315839110874
0.855311226216145
0.656373409437947
0.927568528102711
0.735909653361887
0.996051414287649
0.538931973045692
0.512354068807326
0.787584253121167
0.803831991041079
0.502182604628615
0.871849996969104
0.523388360161334
0.739114552619867
0.969277522875927
0.529818845214322
0.976820450858213
0.885402552201413
0.925774700124748
0.608982300618663
0.997236373834312
0.846761530148797
0.64356656302698
0.908971216646023
0.979712229571305
0.950210751383565
0.563419684651308
0.529816383030266
0.909206464537419
0.930158187751658
0.522599815274589
0.612265255884267
0.852408967446536
0.549347831052728
0.507945537450723
0.95281542208977
0.524516734760255
0.937078102491796
0.560285144951195
0.702082062023692
0.614961491548456
0.888117704656906
0.788162583019584
0.597402377752587
0.712378680240363
0.719987698015757
0.954423227347434
0.731332251103595
0.965798922115937
0.69472744630184
0.902631723554805
0.884277859935537
0.670453644939698
0.968946719309315
0.751915639964864
0.662138654035516
0.721322722267359
0.74348673876375
0.920801320346072
0.974579705740325
0.735184906166978
0.685530991875567
0.612954257638194
0.50230331311468
0.854718678863719
0.848184171365574
0.507347475737333
0.593841345980763
0.768427016795613
0.579504589783028
0.623004993889481
0.961157496203668
0.681552303838544
0.996408689417876
0.862862321431749
0.574610234121792
0.795951012405567
0.924367744475603
0.866997228586115
0.73124792939052
0.755543443956412
0.778191977413371
0.600397824309766
0.944595470791683
0.577191996970214
0.792299780528992
0.740468487492763
0.598641607328318
0.989212235668674
0.65951573185157
0.52239434805233
0.876843045349233
0.783429474453442
0.504873496014625
0.650377035373822
0.931647603982128
0.616074183839373
0.529269902035594
0.855524955783039
0.7543742650887
0.702473519719206
0.712256959057413
0.956982892239466
0.951003245776519
0.609032641164958
0.787447273498401
0.520326568163
0.770298755727708
0.556414231192321
0.878726933849975
0.555572089739144
0.602057200507261
0.883851906633936
0.711172332637943
0.77347699040547
0.940259418683127
0.863814725773409
0.876423094421625
0.80036947503686
0.550533369649202
0.913111353060231
0.869124478194863
0.941487826989032
0.542082504136488
0.914736251696013
0.637408144306391
0.667107929941267
0.943518522195518
0.595663036918268
0.506095668883063
0.852672110660933
0.518809359404258
0.911262762267143
0.951717269606888
0.583228806033731
0.603797733550891
0.897940087132156
0.946598149137571
0.621841475716792
0.71659661422018
0.699076653225347
0.832796387490816
0.652598448563367
0.895985457464121
0.670613396563567
0.628727435832843
0.501980761648156
0.690169432433322
0.799713284359314
0.669517694041133
0.587892120471224
0.998784677241929
0.632699804380536
0.775096123921685
0.567622333182953
0.840911108069122
0.725175532745197
0.683322282973677
0.693065670202486
0.702235597185791
0.913782360497862
0.958007395616733
0.880601463606581
0.683674340951256
0.845694047049619
0.754016339895315
0.509712968720123
0.823449569987133
0.811503832228482
0.666485554655083
0.513143418240361
0.987473679590039
0.995637428481132
0.538289904361591
0.76897243631538
0.988926371559501
0.554837359697558
0.68128608900588
0.74990967893973
0.956314200768247
0.786030417308211
0.51139728736598
0.927614812972024
0.915242120856419
0.939075531554408
0.904801094671711
0.500032668351196
0.550912866485305
0.917412938433699
0.610573698068038
0.515208188327961
0.788363010855392
0.878439880209044
0.936827029683627
0.530182956950739
0.610919179394841
0.707012586062774
0.705664814915508
0.789695164887235
0.970974475727417
0.993799298652448
0.56489892443642
0.637437490746379
0.914191410876811
0.995629359502345
0.836600279086269
0.538694532238878
0.567201702739112
0.669048389303498
0.626054490101524
0.62541181803681
0.891633958788589
0.586893165134825
0.799151957849972
0.845791522180662
0.961467799614184
0.844987491960637
0.636829488445073
0.505472579738125
0.521609798772261
0.583948900224641
0.926320413243957
0.522956673055887
0.635693818214349
0.944471475319006
0.773946647299454
0.902408794267103
0.978598309331574
0.844872040208429
0.700566787272692
0.985520422109403
0.969687929027714
0.759141122922301
0.568145088269375
0.8133679976454
0.91132499219384
0.568132677697577
0.798734094481915
0.991482033976354
0.615315324161202
0.708685193909332
0.550135499681346
0.639255701797083
0.765273245749995
0.657059729099274
0.800351036363281
0.99354900920298
0.804640742950141
0.572868661372922
0.852158230147325
0.839590152027085
0.661291932687163
0.711657820502296
0.652232092455961
0.916409390978515
0.796823754208162
0.903598320670426
0.647025388898328
0.57054261083249
0.94431055127643
0.504142502089962
0.784560326486826
0.983775094966404
0.634594381670468
0.99198003532365
0.517694743815809
0.628988215234131
0.629945560707711
0.974094243836589
0.989811369334348
0.867192431818694
0.64373987831641
0.704479559208266
0.600788824027404
0.883293179562315
0.871552469907328
0.74923069041688
0.835249797790311
0.876231396803632
0.886931459419429
0.8025846502278
0.695257871760987
0.835528786526993
0.934603905770928
0.718201436568052
0.560238172183745
0.80947667977307
0.740254375501536
0.961946544819511
0.620336342602968
0.888240787782706
0.875993944122456
0.838241212419234
0.775859731948003
0.79893026559148
0.933218790800311
0.747670356300659
0.990114482003264
0.534687343635596
0.777964481967501
0.594686762662604
0.648228740785271
0.920502060907893
0.602553550619632
0.791359544848092
0.698131099110469
0.652785638114437
0.736127644660883
0.871624548919499
0.988401803304441
0.578131925663911
0.564712905674241
0.790279651409946
0.568574587465264
0.600998222245835
0.670824532280676
0.632950473343953
0.860792990773916
0.847745742183179
0.897104363539256
0.637234999332577
0.590978180989623
0.731301833526231
0.775272538419813
0.811358857084997
0.741446711937897
0.564915487077087
0.941998403519392
0.995658963918686
0.930982718011364
0.926125358906575
0.688706803601235
0.808538249926642
0.759171196259558
0.518464604974724
0.871516217244789
0.921214252128266
0.524557658587582
0.946644603856839
0.68908872641623
0.847782150725834
0.858655681251548
0.841262473375537
0.650203178054653
0.651311591384001
0.738055199151859
0.524241241975687
0.745809910004027
0.794312361860648
0.617319664219394
0.98231912474148
0.579997330205515
0.787618991918862
0.710396106122062
0.56121485424228
0.682142603676766
0.999363079783507
0.898943146574311
0.674925755825825
0.968488527345471
0.856598689570092
0.74762188422028
0.906122680869885
0.827466272399761
0.680372940492816
0.735965776024386
0.799178852816112
0.863099915557541
0.677999865496531
0.79323922493495
0.758301793946885
0.79675734473858
0.94413479231298
0.933563777944073
0.915600684820674
0.580859055626206
0.665698872646317
0.963086227537133
0.962519560591318
0.818248769035563
0.896454919711687
0.785873178974725
0.519687843159772
0.643828621949069
0.740420794230886
0.71745687618386
0.966234943596646
0.822840292821638
0.500414481852204
0.509761205408722
0.648487284663133
0.636873098905198
0.914735669619404
0.860529711470008
0.840277944225818
0.692097446299158
0.592636733548716
0.605851302738301
0.851846077363007
0.631243887357414
0.613174319732934
0.796593147679232
0.57368535362184
0.52552104939241
0.506942514679395
0.904092750162818
0.901282264967449
0.507521911873482
0.797647359315306
0.653681394876912
0.803055434953421
0.607793761184439
0.973934670328163
0.552952833473682
0.559745433856733
0.570268779876642
0.646427683182992
0.799368118168786
0.604517260799184
0.726165537489578
0.726414719829336
0.690881714224815
0.993786605773494
0.505074896500446
0.932743470417336
0.546349138021469
0.591046235174872
0.723883091355674
0.864545031334274
0.594981161877513
0.569655714905821
0.60639631212689
0.58436411281582
0.926517668412998
0.870007798424922
0.784845659974962
0.927668096264824
0.574139321106486
0.688728555222042
0.659821737324819
0.514965969254263
0.693929523113184
0.854719512281008
0.624079394037835
0.823950182064436
0.583754760678858
0.8861963392701
0.739671202842146
0.530185127397999
0.885356152197346
0.93850583024323
0.794865293428302
0.804883859236725
0.710341401863843
0.524257330340333
0.825462733278982
0.750948797678575
0.893189262482338
0.773513279156759
0.722063479945064
0.918898698757403
0.837867486989126
0.52583094604779
0.562992976862006
0.913186029298231
0.700714372214861
0.752538995584473
0.668566891690716
0.81192003574688
0.78878180985339
0.611124025541358
0.819786846404895
0.678372457856312
0.725404437980615
0.700345909572206
0.610887211514637
0.623937499942258
0.588129766401835
0.716153475339524
0.804846812039614
0.704527360852808
0.956291737034917
0.64052442938555
0.607800624682568
0.776210079551674
0.675096644670703
0.969023211160675
0.814778552623466
0.71848983631935
0.644788575009443
0.518331575556658
0.774190567084588
0.660187032073736
0.740509530645795
0.904653436969966
0.609400113346055
0.544688158086501
0.898568899021484
0.587203535134904
0.900654741912149
0.51847110723611
0.923557653091848
0.910819605342112
0.948800208978355
0.687148442491889
0.653150673722848
0.959482029196806
0.660575628629886
0.962658726260997
0.80151889892295
0.790582259069197
0.867839600192383
0.699839349719696
0.683534517884254
0.715605685603805
0.668010924011469
0.849043396185152
0.634099088609219
0.92674620100297
0.965428353752941
0.73234601598233
0.503033985733055
0.970405441825278
0.716728813829832
0.916600625030696
0.757620513322763
0.740019097924232
0.572330563561991
0.528972877655178
0.82501952489838
0.686776891350746
0.5122932754457
0.537416732055135
0.91510163876228
0.867147152661346
0.524060067837127
0.862538101384416
0.506903358735144
0.805478255846538
0.611281801713631
0.810245654778555
0.782189365127124
0.753734786529094
0.628670108737424
0.679453794378787
0.643991468590684
0.595006448100321
0.815255111432634
0.505385745433159
0.572411226807162
0.754684082814492
0.732896505040117
0.760522223892622
0.845367179950699
0.999970678240061
0.974434742936864
0.976224702317268
0.842095702653751
0.868073525023647
0.978402830078267
0.603630110621452
0.837391624925658
0.548840622766875
0.749353487160988
0.879025316564366
0.50600929139182
0.579938122071326
0.55517597310245
0.90149508905597
0.687438713386655
0.815319307730533
0.880925672827289
0.624309896025807
0.686765916179866
0.669737596763298
0.853329175850376
0.785831478890032
0.571853543398902
0.648328713607043
0.695996235474013
0.761101494194008
0.792949090478942
0.654538091854192
0.679826639010571
0.964654286624864
0.772459003259428
0.794512761523947
0.625595267745666
0.694383597699925
0.822963127982803
0.682633026735857
0.733849575044587
0.588509045308456
0.740618474432267
0.965790124726482
0.512830214924179
0.69159195094835
0.625130510772578
0.788823411450721
0.534079460194334
0.825182345346548
0.527083968860097
0.64553186215926
0.655347185442224
0.720846413518302
0.71806304960046
0.996089618653059
0.805820810375735
0.657500748871826
0.93121066968888
0.668847949476913
0.835811696946621
0.949757544090971
0.92212389560882
0.544799715979025
0.649668158264831
0.765434268745594
0.689550986862741
0.922625433653593
0.930538283195347
0.840669141965918
0.75024079834111
0.900474552880041
0.523227430647239
0.630889127729461
0.599310726393014
0.908073909464292
0.921587411430664
0.916403179755434
0.635343384812586
0.50974696141202
0.815300236339681
0.87402913486585
0.752836923580617
0.682314833509736
0.654910534271039
0.679802185972221
0.681437151855789
0.769324593944475
0.826183825382032
0.701705988612957
0.791500899125822
0.847886730683967
0.945761676179245
0.973979562404566
0.710405382327735
0.818301960709505
0.588974699494429
0.540158288669772
0.782941695884801
0.90849467786029
0.879849483142607
0.785911974962801
0.994377175928093
0.997585756937042
0.660718720289879
0.586008959682658
0.686039216467179
0.769474458415061
0.905622462043539
0.849342314526439
0.949976704316214
0.861629341728985
0.627525022835471
0.654335832805373
0.873418681672774
0.602623106096871
0.642991658067331
0.94943540066015
0.583990017767064
0.571798300021328
0.8667381539708
0.771417817333713
0.771203144337051
0.851575888809748
0.825742150191218
0.880603552679531
0.640393779263832
0.992045497172512
0.981835697661154
0.514045117073692
0.873533425736241
0.683388339588419
0.677026237826794
0.509698350680992
0.879446942359209
0.57880917203147
0.556137837469578
0.856906847446226
0.722609476186335
0.51307041128166
0.959872464416549
0.892465180600993
0.712554690893739
0.564569277805276
0.909359008190222
0.858403363148682
0.706093651708215
0.587455851607956
0.505390072241426
0.670451367273927
0.594686045544222
0.781171265174635
0.794064693152905
0.640877937781624
0.962994438479654
0.85201121494174
0.638228014926426
0.857590736006387
0.804358951980248
0.704107255092822
0.583658834453672
0.512231509434059
0.577353042899631
0.793291203561239
0.609242997830734
0.522195825120434
0.95725503040012
0.935071703395806
0.913235367042944
0.804835382266901
0.861815975396894
0.898441823199391
0.933836936135776
0.850169885787182
0.667813971987925
0.748820240609348
0.888123122858815
0.709579326910898
0.791510744253173
0.650277011794969
0.573532917303964
0.637776949442923
0.601484621642157
0.612597698811442
0.759979947819375
0.960311584407464
0.790730026783422
0.630750298849307
0.686984698288143
0.78176945168525
0.579752880614251
0.835401169839315
0.509134440449998
0.506194119807333
0.832333747064695
0.602781862369739
0.691946584149264
0.579751815763302
0.854276237194426
0.807375429663807
0.53053267521318
0.703127710847184
0.552520870929584
0.701252800412476
0.727838293649256
0.812322623212822
0.539427640032955
0.670991362305358
0.511843145359308
0.67075821920298
0.891680611646734
0.87060511589516
0.90808555460535
